1877.61
1885.74
1882.44
1876.6
1880.66
1878.88
1876.85
1887.01
1879.39
1874.82
1884.47
1884.98
1875.58
1879.64
1877.87
1882.44
1880.15
1881.42
1882.18
1882.18
1883.2
1876.34
1882.69
1881.67
1879.13
1885.74
1878.88
1884.97
1887.01
1880.15
1879.89
1887.52
1884.97
1883.7
1881.67
1880.91
1885.99
1881.67
1878.12
1885.23
1876.09
1881.93
1881.67
1879.13
1881.16
1883.2
1877.86
1882.43
1882.94
1878.12
1882.44
1885.49
1886.76
1880.41
1884.47
1881.93
1882.44
1878.88
1884.21
1887.52
1884.47
1882.94
1883.96
1880.66
1880.66
1882.44
1881.67
1879.64
1884.47
1882.94
1881.93
1882.69
1879.39
1878.88
1886.25
1887.01
1886.76
1880.41
1885.99
1885.74
1881.67
1885.74
1882.94
1881.17
1885.23
1886.25
1882.94
1882.94
1888.03
1884.47
1888.03
1881.42
1885.23
1887.78
1883.71
1884.98
1888.79
1885.74
1885.74
1887.78
1886.5
1880.41
1879.39
1886.76
1879.39
1873.81
1876.85
1882.69
1868.73
1858.86
1836.63
1799.44
1764.96
1748.55
1721.29
1704.5
1685.06
1664.71
1642.72
1627.13
1606.25
1567.59
1520.59
1457.17
1391.88
1373.44
1376.47
1418.78
1452.67
1499.36
1574.08
1633.93
1680.88
1734.16
1772.19
1804.95
1836.88
1855.31
1863.67
1878.88
1905.09
1930.9
2025.65
2111.08
2205.5
2295.15
2477.05
2866.36
3175.04
3386.67
3560.72
3870.02
4122.97
4312.77
4480.91
4654.31
4800.14
4889.35
4980.83
5072.6
5220.39
5321.85
3999.17
4058.97
4099.25
4129.77
4168.32
4187.36
4209.23
4217.19
4230.64
4239.37
4135.3
4133.37
4125.08
4082.43
3957.28
3882.65
3758.89
3645.03
3566.86
3423.39
3313.78
2865.67
2821.71
2783.08
2744.36
2701.56
2669.71
2569.99
2556.06
2552.11
2551.27
2543.06
2535.12
2537.06
2532.54
2528.87
2531.13
2523.84
2519.85
2518.12
2517.91
2516.5
2512.26
2521.84
2514.25
2516.18
2510.58
2516.18
2511.94
2514.77
2508.02
2511.42
2509.69
2511.42
2508.86
2513.93
2515.35
2508.34
2515.35
2508.86
2508.86
2513.36
2509.75
2504.1
2501.85
2312.94
2030.79
1965.53
1828.06
1804.2
1796.68
1789.17
1794.18
1800.68
1806.2
1807.21
1807.96
1811.72
1810.97
1800.44
1811.47
1813.23
1800.94
1789.17
1778.68
1781.93
1801.19
1690.22
1711.16
1688.01
1671.07
1666.42
1662.99
1660.54
1657.36
1654.67
1652.23
1648.08
1649.06
1642.71
1641.49
1651.01
1640.03
1638.56
1637.84
1638.08
1638.81
1643.69
1641.98
1642.23
1640.76
1639.06
1637.11
1640.76
1643.2
1639.79
1638.08
1638.32
1645.4
1641.25
1644.66
1638.81
1642.71
1638.32
1636.86
1638.32
1640.52
1639.06
1642.23
1639.79
1639.06
1636.13
1641.74
1634.42
1635.89
1641.01
1640.28
1633.94
