Freq,Real,Imag,Phase,Impedance,Gain
5000,12193.53,-475.59,-0.04,12202.80,0.000000010351
5000,12194.97,-483.31,-0.04,12204.54,0.000000010351
5000,12199.62,-481.84,-0.04,12209.13,0.000000010351
10000,12122.81,-111.54,-0.01,12123.32,0.000000010363
10000,12121.51,-113.26,-0.01,12122.04,0.000000010363
10000,12120.00,-113.47,-0.01,12120.54,0.000000010363
15000,12074.03,92.12,0.01,12074.38,0.000000010398
15000,12079.51,95.14,0.01,12079.88,0.000000010398
15000,12075.80,97.29,0.01,12076.19,0.000000010398
20000,12046.48,254.06,0.02,12049.16,0.000000010449
20000,12047.89,254.61,0.02,12050.58,0.000000010449
20000,12046.16,250.68,0.02,12048.77,0.000000010449
25000,12067.36,397.78,0.03,12073.92,0.000000010462
25000,12070.01,402.60,0.03,12076.73,0.000000010462
25000,12068.01,399.84,0.03,12074.63,0.000000010462
30000,12086.19,504.81,0.04,12096.73,0.000000010495
30000,12087.89,502.24,0.04,12098.32,0.000000010495
30000,12088.32,504.37,0.04,12098.84,0.000000010495
35000,12101.90,602.47,0.05,12116.88,0.000000010534
35000,12098.51,623.68,0.05,12114.58,0.000000010534
35000,12109.09,608.34,0.05,12124.36,0.000000010534
40000,12120.80,735.41,0.06,12143.09,0.000000010589
40000,12124.14,729.90,0.06,12146.09,0.000000010589
40000,12110.89,732.05,0.06,12132.99,0.000000010589
45000,12083.96,779.85,0.06,12109.10,0.000000010658
45000,12238.78,818.53,0.07,12266.12,0.000000010658
45000,12187.29,935.65,0.08,12223.16,0.000000010658
50000,12140.89,946.34,0.08,12177.72,0.000000010732
50000,12148.43,943.32,0.08,12185.00,0.000000010732
50000,12150.75,926.54,0.08,12186.03,0.000000010732
55000,12175.84,1051.38,0.09,12221.15,0.000000010797
55000,12171.92,1033.42,0.08,12215.72,0.000000010797
55000,12180.88,1050.58,0.09,12226.10,0.000000010797
60000,12202.95,1137.65,0.09,12255.87,0.000000010882
60000,12196.58,1134.93,0.09,12249.27,0.000000010882
60000,12204.76,1133.40,0.09,12257.28,0.000000010882
65000,12237.62,1203.23,0.10,12296.63,0.000000010975
65000,12233.24,1223.55,0.10,12294.28,0.000000010975
65000,12239.88,1228.53,0.10,12301.38,0.000000010975
70000,12256.24,1304.25,0.11,12325.44,0.000000011067
70000,12264.50,1302.66,0.11,12333.49,0.000000011067
70000,12257.57,1302.28,0.11,12326.56,0.000000011067
75000,12306.42,1408.00,0.11,12386.70,0.000000011158
75000,12317.24,1394.94,0.11,12395.97,0.000000011158
75000,12312.92,1403.96,0.11,12392.70,0.000000011158
80000,12316.58,1505.72,0.12,12408.28,0.000000011285
80000,12321.86,1488.36,0.12,12411.42,0.000000011285
80000,12321.84,1493.58,0.12,12412.03,0.000000011285
85000,12341.66,1591.06,0.13,12443.80,0.000000011406
85000,12350.30,1611.46,0.13,12454.99,0.000000011406
85000,12351.53,1599.13,0.13,12454.62,0.000000011406
90000,12369.67,1653.58,0.13,12479.70,0.000000011524
90000,12392.62,1657.98,0.13,12503.04,0.000000011524
90000,12389.42,1655.54,0.13,12499.55,0.000000011524
95000,12424.78,1673.24,0.13,12536.94,0.000000011678
95000,12427.58,1696.95,0.14,12542.90,0.000000011678
95000,12410.66,1669.26,0.13,12522.42,0.000000011678
100000,12462.55,1838.90,0.15,12597.48,0.000000011782
100000,12467.34,1826.72,0.15,12600.45,0.000000011782
100000,12466.65,1828.46,0.15,12600.03,0.000000011782
5000,12205.81,-480.38,-0.04,12215.26,0.000000010351
5000,12208.82,-486.60,-0.04,12218.51,0.000000010351
5000,12211.93,-485.10,-0.04,12221.56,0.000000010351
10000,12133.59,-111.58,-0.01,12134.10,0.000000010363
10000,12130.57,-112.00,-0.01,12131.09,0.000000010363
10000,12129.69,-116.74,-0.01,12130.25,0.000000010363
15000,12088.79,89.74,0.01,12089.12,0.000000010398
15000,12081.75,92.59,0.01,12082.11,0.000000010398
15000,12087.32,89.35,0.01,12087.65,0.000000010398
20000,12059.37,246.03,0.02,12061.88,0.000000010449
20000,12053.79,252.02,0.02,12056.42,0.000000010449
20000,12053.24,253.43,0.02,12055.90,0.000000010449
25000,12067.96,403.25,0.03,12074.69,0.000000010462
25000,12067.96,403.25,0.03,12074.69,0.000000010462
25000,12069.37,400.54,0.03,12076.01,0.000000010462
30000,12084.94,509.50,0.04,12095.67,0.000000010495
30000,12080.25,508.24,0.04,12090.94,0.000000010495
30000,12087.48,505.65,0.04,12098.05,0.000000010495
35000,12104.73,608.78,0.05,12120.03,0.000000010534
35000,12105.81,619.67,0.05,12121.66,0.000000010534
35000,12109.74,614.88,0.05,12125.34,0.000000010534
40000,12120.81,733.20,0.06,12142.97,0.000000010589
40000,12121.91,734.31,0.06,12144.13,0.000000010589
40000,12117.50,734.29,0.06,12139.72,0.000000010589
45000,12139.37,967.08,0.08,12177.83,0.000000010658
45000,12069.34,971.68,0.08,12108.39,0.000000010658
45000,12175.32,941.01,0.08,12211.63,0.000000010658
50000,12138.23,948.08,0.08,12175.20,0.000000010732
50000,12130.64,956.83,0.08,12168.32,0.000000010732
50000,12143.56,944.60,0.08,12180.24,0.000000010732
55000,12167.15,1048.64,0.09,12212.25,0.000000010797
55000,12165.66,1045.78,0.09,12210.53,0.000000010797
55000,12166.40,1047.21,0.09,12211.39,0.000000010797
60000,12183.25,1136.77,0.09,12236.17,0.000000010882
60000,12169.95,1138.60,0.09,12223.10,0.000000010882
60000,12165.12,1135.28,0.09,12217.98,0.000000010882
65000,12178.34,1224.13,0.10,12239.71,0.000000010975
65000,12178.80,1225.71,0.10,12240.32,0.000000010975
65000,12179.46,1222.09,0.10,12240.62,0.000000010975
70000,12222.43,1297.07,0.11,12291.06,0.000000011067
70000,12224.00,1305.28,0.11,12293.49,0.000000011067
70000,12223.44,1293.47,0.11,12291.68,0.000000011067
75000,12271.63,1402.66,0.11,12351.54,0.000000011158
75000,12212.83,1357.28,0.11,12288.02,0.000000011158
75000,12263.01,1401.76,0.11,12342.86,0.000000011158
80000,12297.55,1493.50,0.12,12387.91,0.000000011285
80000,12285.46,1486.54,0.12,12375.07,0.000000011285
80000,12285.45,1491.72,0.12,12375.68,0.000000011285
85000,12312.69,1579.41,0.13,12413.58,0.000000011406
85000,12319.02,1587.09,0.13,12420.83,0.000000011406
85000,12319.57,1599.52,0.13,12422.97,0.000000011406
90000,12368.24,1651.48,0.13,12478.01,0.000000011524
90000,12371.43,1653.91,0.13,12481.49,0.000000011524
90000,12374.96,1654.59,0.13,12485.08,0.000000011524
95000,12381.54,1664.84,0.13,12492.96,0.000000011678
95000,12385.56,1703.92,0.14,12502.21,0.000000011678
95000,12366.06,1692.62,0.14,12481.36,0.000000011678
100000,12434.09,1829.70,0.15,12567.99,0.000000011782
100000,12434.77,1827.97,0.15,12568.41,0.000000011782
100000,12425.81,1830.43,0.15,12559.90,0.000000011782
5000,11591.68,-440.69,-0.04,11600.05,0.000000010351
5000,11548.69,-437.46,-0.04,11556.97,0.000000010351
5000,11547.47,-419.48,-0.04,11555.09,0.000000010351
10000,12663.12,-139.99,-0.01,12663.89,0.000000010363
10000,12821.36,-142.29,-0.01,12822.15,0.000000010363
10000,12942.97,-143.16,-0.01,12943.76,0.000000010363
15000,13394.38,46.63,0.00,13394.46,0.000000010398
15000,13622.20,36.21,0.00,13622.25,0.000000010398
15000,14103.86,-3.52,-0.00,14103.86,0.000000010398
20000,14867.33,152.21,0.01,14868.11,0.000000010449
20000,15019.84,163.16,0.01,15020.73,0.000000010449
20000,15180.02,176.19,0.01,15181.04,0.000000010449
25000,15321.10,348.67,0.02,15325.06,0.000000010462
25000,15347.50,345.23,0.02,15351.38,0.000000010462
25000,15343.10,348.56,0.02,15347.06,0.000000010462
30000,15333.17,460.51,0.03,15340.08,0.000000010495
30000,14205.87,443.94,0.03,14212.81,0.000000010495
30000,14171.52,454.77,0.03,14178.82,0.000000010495
35000,14187.79,575.78,0.04,14199.47,0.000000010534
35000,14168.85,568.99,0.04,14180.27,0.000000010534
35000,14156.82,556.89,0.04,14167.77,0.000000010534
40000,14149.17,688.75,0.05,14165.93,0.000000010589
40000,14149.11,685.75,0.05,14165.72,0.000000010589
40000,14147.07,660.25,0.05,14162.47,0.000000010589
45000,13703.62,811.81,0.06,13727.65,0.000000010658
45000,13694.73,832.41,0.06,13720.01,0.000000010658
45000,13337.02,783.85,0.06,13360.04,0.000000010658
50000,12904.86,920.54,0.07,12937.65,0.000000010732
50000,12946.11,888.27,0.07,12976.55,0.000000010732
50000,12922.54,882.50,0.07,12952.64,0.000000010732
55000,12911.97,990.59,0.08,12949.91,0.000000010797
55000,12905.61,994.05,0.08,12943.83,0.000000010797
55000,12884.28,985.10,0.08,12921.89,0.000000010797
60000,12819.80,1076.23,0.08,12864.89,0.000000010882
60000,12793.82,1079.41,0.08,12839.27,0.000000010882
60000,12800.61,1086.28,0.08,12846.62,0.000000010882
65000,12809.65,1168.83,0.09,12862.86,0.000000010975
65000,12798.60,1176.07,0.09,12852.52,0.000000010975
65000,12796.98,1170.87,0.09,12850.44,0.000000010975
70000,12824.35,1258.83,0.10,12885.99,0.000000011067
70000,12818.50,1248.79,0.10,12879.19,0.000000011067
70000,12808.18,1262.19,0.10,12870.22,0.000000011067
75000,12825.20,1347.89,0.10,12895.84,0.000000011158
75000,12827.63,1370.03,0.11,12900.58,0.000000011158
75000,12767.47,1346.86,0.11,12838.32,0.000000011158
80000,12753.04,1441.09,0.11,12834.20,0.000000011285
80000,12741.87,1439.38,0.11,12822.91,0.000000011285
80000,12736.37,1445.02,0.11,12818.08,0.000000011285
85000,12751.81,1549.22,0.12,12845.58,0.000000011406
85000,12746.49,1567.66,0.12,12842.53,0.000000011406
85000,12698.18,1582.27,0.12,12796.38,0.000000011406
90000,12822.67,1980.98,0.15,12974.78,0.000000011524
90000,12823.99,1975.31,0.15,12975.23,0.000000011524
90000,12804.81,1980.76,0.15,12957.10,0.000000011524
95000,12834.29,2086.28,0.16,13002.76,0.000000011678
95000,12796.49,2062.99,0.16,12961.71,0.000000011678
95000,12797.19,2011.53,0.16,12954.32,0.000000011678
100000,12854.23,2210.23,0.17,13042.87,0.000000011782
100000,12838.99,2209.94,0.17,13027.79,0.000000011782
100000,12838.44,2196.54,0.17,13024.99,0.000000011782
5000,12784.07,-611.18,-0.05,12798.67,0.000000010351
5000,12775.55,-612.61,-0.05,12790.23,0.000000010351
5000,12774.01,-607.48,-0.05,12788.45,0.000000010351
10000,12615.73,-173.01,-0.01,12616.92,0.000000010363
10000,12610.61,-172.02,-0.01,12611.79,0.000000010363
10000,12607.35,-172.44,-0.01,12608.53,0.000000010363
15000,12530.21,77.17,0.01,12530.45,0.000000010398
15000,12535.70,81.98,0.01,12535.97,0.000000010398
15000,12534.12,81.57,0.01,12534.39,0.000000010398
20000,12493.98,271.43,0.02,12496.93,0.000000010449
20000,12491.27,273.88,0.02,12494.28,0.000000010449
20000,12488.56,276.32,0.02,12491.62,0.000000010449
25000,12495.09,456.01,0.04,12503.41,0.000000010462
25000,12495.09,456.01,0.04,12503.41,0.000000010462
25000,12494.32,457.45,0.04,12502.69,0.000000010462
30000,12506.71,590.63,0.05,12520.65,0.000000010495
30000,12509.44,592.47,0.05,12523.46,0.000000010495
30000,12502.62,587.86,0.05,12516.44,0.000000010495
35000,12513.95,719.65,0.06,12534.62,0.000000010534
35000,12516.97,741.72,0.06,12538.93,0.000000010534
35000,12496.19,745.76,0.06,12518.42,0.000000010534
40000,12545.52,870.36,0.07,12575.68,0.000000010589
40000,12523.39,854.53,0.07,12552.51,0.000000010589
40000,12537.65,850.08,0.07,12566.44,0.000000010589
45000,12576.57,667.56,0.05,12594.27,0.000000010658
45000,12298.63,838.32,0.07,12327.16,0.000000010658
45000,12240.34,1214.44,0.10,12300.44,0.000000010658
50000,12543.90,1128.76,0.09,12594.58,0.000000010732
50000,12534.38,1116.66,0.09,12584.02,0.000000010732
50000,12391.03,1256.59,0.10,12454.58,0.000000010732
55000,12566.04,1259.98,0.10,12629.05,0.000000010797
55000,12567.63,1255.37,0.10,12630.18,0.000000010797
55000,12602.55,1299.91,0.10,12669.41,0.000000010797
60000,12577.62,1369.78,0.11,12651.99,0.000000010882
60000,12574.62,1361.60,0.11,12648.13,0.000000010882
60000,12582.69,1373.49,0.11,12657.43,0.000000010882
65000,12616.70,1473.57,0.12,12702.46,0.000000010975
65000,12611.94,1469.31,0.12,12697.25,0.000000010975
65000,12621.45,1477.84,0.12,12707.68,0.000000010975
70000,12659.60,1573.50,0.12,12757.01,0.000000011067
70000,12649.75,1580.48,0.12,12748.10,0.000000011067
70000,12638.82,1580.34,0.12,12737.24,0.000000011067
75000,12685.04,1714.11,0.13,12800.33,0.000000011158
75000,12677.55,1710.84,0.13,12792.47,0.000000011158
75000,12691.47,1697.28,0.13,12804.46,0.000000011158
80000,12688.79,1826.23,0.14,12819.54,0.000000011285
80000,12624.37,1780.87,0.14,12749.36,0.000000011285
80000,12695.29,1806.11,0.14,12823.12,0.000000011285
85000,12727.45,1947.07,0.15,12875.52,0.000000011406
85000,12736.54,1950.30,0.15,12884.99,0.000000011406
85000,12707.95,1949.96,0.15,12856.68,0.000000011406
90000,12759.38,2021.48,0.16,12918.52,0.000000011524
90000,12758.42,2017.29,0.16,12916.92,0.000000011524
90000,12777.14,2021.82,0.16,12936.11,0.000000011524
95000,12790.46,2110.72,0.16,12963.45,0.000000011678
95000,12772.31,2067.18,0.16,12938.51,0.000000011678
95000,12767.05,2100.52,0.16,12938.69,0.000000011678
100000,12849.95,2239.10,0.17,13043.57,0.000000011782
100000,12843.65,2238.43,0.17,13037.25,0.000000011782
100000,12858.40,2249.57,0.17,13053.70,0.000000011782
5000,12687.70,-564.81,-0.04,12700.26,0.000000010351
5000,12685.95,-568.11,-0.04,12698.66,0.000000010351
5000,12684.32,-566.40,-0.04,12696.96,0.000000010351
10000,12600.73,-160.03,-0.01,12601.75,0.000000010363
10000,12623.61,-156.99,-0.01,12624.59,0.000000010363
10000,12650.30,-156.78,-0.01,12651.27,0.000000010363
15000,12615.81,87.74,0.01,12616.11,0.000000010398
15000,12653.74,80.54,0.01,12654.00,0.000000010398
15000,12703.17,83.14,0.01,12703.44,0.000000010398
20000,12700.38,271.83,0.02,12703.29,0.000000010449
20000,12702.91,274.63,0.02,12705.88,0.000000010449
20000,12702.30,276.20,0.02,12705.30,0.000000010449
25000,12735.06,462.07,0.04,12743.44,0.000000010462
25000,12747.97,463.12,0.04,12756.38,0.000000010462
25000,12752.49,465.50,0.04,12760.99,0.000000010462
30000,12768.97,595.34,0.05,12782.84,0.000000010495
30000,12768.47,599.14,0.05,12782.52,0.000000010495
30000,12774.16,602.98,0.05,12788.39,0.000000010495
35000,12787.31,744.45,0.06,12808.96,0.000000010534
35000,12785.37,736.03,0.06,12806.54,0.000000010534
35000,12794.70,730.32,0.06,12815.52,0.000000010534
40000,12835.33,857.88,0.07,12863.97,0.000000010589
40000,12840.81,893.95,0.07,12871.89,0.000000010589
40000,12846.19,874.21,0.07,12875.90,0.000000010589
45000,12454.68,1110.38,0.09,12504.08,0.000000010658
45000,13086.01,655.31,0.05,13102.41,0.000000010658
45000,13218.96,1094.86,0.08,13264.23,0.000000010658
50000,12828.91,1159.02,0.09,12881.16,0.000000010732
50000,12826.46,1158.45,0.09,12878.67,0.000000010732
50000,12857.81,1168.43,0.09,12910.79,0.000000010732
55000,12883.69,1308.32,0.10,12949.95,0.000000010797
55000,12884.53,1305.91,0.10,12950.54,0.000000010797
55000,12896.69,1306.07,0.10,12962.65,0.000000010797
60000,12908.70,1416.36,0.11,12986.17,0.000000010882
60000,12938.24,1411.45,0.11,13015.00,0.000000010882
60000,12958.75,1435.43,0.11,13038.01,0.000000010882
65000,12401.92,1336.52,0.11,12473.73,0.000000010975
65000,12404.47,1339.36,0.11,12476.57,0.000000010975
65000,12385.13,1327.02,0.11,12456.02,0.000000010975
70000,12395.10,1410.22,0.11,12475.07,0.000000011067
70000,12399.48,1395.44,0.11,12477.75,0.000000011067
70000,12358.18,1388.88,0.11,12435.98,0.000000011067
75000,12400.35,1537.08,0.12,12495.25,0.000000011158
75000,12314.95,1465.75,0.12,12401.87,0.000000011158
75000,12315.94,1477.73,0.12,12404.28,0.000000011158
80000,12411.03,1523.77,0.12,12504.22,0.000000011285
80000,12409.29,1520.23,0.12,12502.06,0.000000011285
80000,12432.28,1516.81,0.12,12524.46,0.000000011285
85000,12452.00,1634.30,0.13,12558.79,0.000000011406
85000,12456.67,1623.92,0.13,12562.07,0.000000011406
85000,12426.47,1619.09,0.13,12531.51,0.000000011406
90000,12465.99,1679.53,0.13,12578.62,0.000000011524
90000,12460.91,1667.41,0.13,12571.97,0.000000011524
90000,12452.38,1673.19,0.13,12564.29,0.000000011524
95000,12458.18,1703.81,0.14,12574.15,0.000000011678
95000,12416.92,1720.63,0.14,12535.57,0.000000011678
95000,12428.07,1708.56,0.14,12544.96,0.000000011678
100000,12429.63,1835.94,0.15,12564.49,0.000000011782
100000,12400.01,1840.19,0.15,12535.81,0.000000011782
100000,12379.42,1841.96,0.15,12515.70,0.000000011782
5000,11451.93,-259.77,-0.02,11454.87,0.000000010351
5000,11424.80,-258.95,-0.02,11427.74,0.000000010351
5000,11465.50,-258.14,-0.02,11468.40,0.000000010351
10000,11579.33,-6.82,-0.00,11579.33,0.000000010363
10000,11670.38,-18.12,-0.00,11670.40,0.000000010363
10000,11835.22,-45.06,-0.00,11835.31,0.000000010363
15000,11706.98,154.17,0.01,11708.00,0.000000010398
15000,11728.77,155.75,0.01,11729.80,0.000000010398
15000,11756.08,148.42,0.01,11757.02,0.000000010398
20000,11872.34,304.34,0.03,11876.25,0.000000010449
20000,11961.41,301.51,0.03,11965.21,0.000000010449
20000,12028.17,300.58,0.02,12031.93,0.000000010449
25000,12047.83,382.52,0.03,12053.90,0.000000010462
25000,12064.19,380.69,0.03,12070.20,0.000000010462
25000,12081.30,377.49,0.03,12087.19,0.000000010462
30000,12092.38,475.79,0.04,12101.73,0.000000010495
30000,12091.54,477.07,0.04,12100.95,0.000000010495
30000,12073.21,474.27,0.04,12082.52,0.000000010495
35000,12042.71,580.11,0.05,12056.68,0.000000010534
35000,12031.66,588.87,0.05,12046.06,0.000000010534
35000,12023.13,579.98,0.05,12037.12,0.000000010534
40000,12053.91,696.85,0.06,12074.04,0.000000010589
40000,12082.35,712.18,0.06,12103.33,0.000000010589
40000,12084.55,701.21,0.06,12104.88,0.000000010589
45000,12053.45,774.75,0.06,12078.32,0.000000010658
45000,12101.64,757.04,0.06,12125.30,0.000000010658
45000,12138.18,851.15,0.07,12167.98,0.000000010658
50000,12093.68,897.74,0.07,12126.95,0.000000010732
50000,12077.93,902.52,0.07,12111.60,0.000000010732
50000,12066.16,899.00,0.07,12099.61,0.000000010732
55000,12070.60,1005.47,0.08,12112.40,0.000000010797
55000,12061.38,1004.97,0.08,12103.18,0.000000010797
55000,12103.96,1004.02,0.08,12145.53,0.000000010797
60000,12237.66,1088.16,0.09,12285.94,0.000000010882
60000,12274.93,1083.47,0.09,12322.66,0.000000010882
60000,12339.82,1092.63,0.09,12388.10,0.000000010882
65000,12433.10,1174.33,0.09,12488.43,0.000000010975
65000,12427.05,1177.96,0.09,12482.75,0.000000010975
65000,12367.37,1174.76,0.09,12423.04,0.000000010975
70000,12292.45,1243.87,0.10,12355.23,0.000000011067
70000,12261.72,1244.92,0.10,12324.75,0.000000011067
70000,12185.05,1244.97,0.10,12248.48,0.000000011067
75000,12199.94,1346.73,0.11,12274.04,0.000000011158
75000,12201.61,1346.56,0.11,12275.69,0.000000011158
75000,12193.59,1350.74,0.11,12268.17,0.000000011158
80000,12214.93,1421.41,0.12,12297.35,0.000000011285
80000,12216.64,1421.40,0.12,12299.05,0.000000011285
80000,12214.94,1423.12,0.12,12297.56,0.000000011285
85000,12237.21,1523.35,0.12,12331.66,0.000000011406
85000,12240.05,1530.57,0.12,12335.37,0.000000011406
85000,12262.09,1537.79,0.12,12358.14,0.000000011406
90000,12296.01,1581.78,0.13,12397.34,0.000000011524
90000,12310.29,1582.57,0.13,12411.60,0.000000011524
90000,12315.21,1585.27,0.13,12416.83,0.000000011524
95000,12342.76,1593.84,0.13,12445.25,0.000000011678
95000,12365.01,1622.46,0.13,12471.00,0.000000011678
95000,12361.14,1636.46,0.13,12469.00,0.000000011678
100000,12413.83,1748.23,0.14,12536.33,0.000000011782
100000,12423.57,1753.91,0.14,12546.76,0.000000011782
100000,12425.46,1764.56,0.14,12550.13,0.000000011782
5000,12714.50,-441.41,-0.03,12722.16,0.000000010351
5000,12599.91,-447.48,-0.04,12607.85,0.000000010351
5000,12642.85,-444.41,-0.04,12650.66,0.000000010351
10000,12613.14,-116.78,-0.01,12613.69,0.000000010363
10000,12699.32,-109.75,-0.01,12699.80,0.000000010363
10000,12701.44,-112.83,-0.01,12701.94,0.000000010363
15000,12714.62,79.20,0.01,12714.87,0.000000010398
15000,12803.28,81.42,0.01,12803.54,0.000000010398
15000,12855.46,91.60,0.01,12855.79,0.000000010398
20000,12800.74,243.24,0.02,12803.05,0.000000010449
20000,12824.64,243.23,0.02,12826.95,0.000000010449
20000,12860.54,245.95,0.02,12862.89,0.000000010449
25000,12970.65,391.52,0.03,12976.56,0.000000010462
25000,13163.39,387.67,0.03,13169.09,0.000000010462
25000,13243.36,391.61,0.03,13249.15,0.000000010462
30000,13267.90,489.21,0.04,13276.92,0.000000010495
30000,13262.24,487.75,0.04,13271.20,0.000000010495
30000,13274.58,489.11,0.04,13283.58,0.000000010495
35000,13311.02,588.21,0.04,13324.01,0.000000010534
35000,13296.43,588.52,0.04,13309.45,0.000000010534
35000,13311.59,581.49,0.04,13324.29,0.000000010534
40000,13330.86,703.84,0.05,13349.43,0.000000010589
40000,13321.51,702.61,0.05,13340.03,0.000000010589
40000,13302.97,710.78,0.05,13321.94,0.000000010589
45000,13284.61,783.50,0.06,13307.70,0.000000010658
45000,13293.00,825.79,0.06,13318.63,0.000000010658
45000,13222.89,927.20,0.07,13255.36,0.000000010658
50000,13230.16,918.57,0.07,13262.01,0.000000010732
50000,13190.51,920.44,0.07,13222.58,0.000000010732
50000,13104.09,909.21,0.07,13135.59,0.000000010732
55000,13129.70,1021.09,0.08,13169.35,0.000000010797
55000,13121.47,1025.54,0.08,13161.49,0.000000010797
55000,13109.83,1027.59,0.08,13150.04,0.000000010797
60000,13081.76,1101.11,0.08,13128.02,0.000000010882
60000,13059.87,1102.23,0.08,13106.30,0.000000010882
60000,13013.61,1107.57,0.08,13060.66,0.000000010882
65000,12984.45,1191.49,0.09,13039.00,0.000000010975
65000,12961.99,1194.56,0.09,13016.92,0.000000010975
65000,12887.22,1190.63,0.09,12942.10,0.000000010975
70000,12815.36,1260.70,0.10,12877.23,0.000000011067
70000,12759.09,1259.32,0.10,12821.09,0.000000011067
70000,12679.97,1251.71,0.10,12741.60,0.000000011067
75000,12676.32,1320.32,0.10,12744.90,0.000000011158
75000,12563.78,1348.97,0.11,12636.00,0.000000011158
75000,12475.31,1370.66,0.11,12550.38,0.000000011158
80000,12446.15,1421.16,0.11,12527.03,0.000000011285
80000,12431.96,1417.78,0.11,12512.54,0.000000011285
80000,12414.32,1417.97,0.11,12495.04,0.000000011285
85000,12448.90,1511.34,0.12,12540.30,0.000000011406
85000,12435.80,1517.45,0.12,12528.04,0.000000011406
85000,12389.85,1531.44,0.12,12484.14,0.000000011406
90000,12369.74,1564.24,0.13,12468.25,0.000000011524
90000,12352.32,1570.23,0.13,12451.72,0.000000011524
90000,12317.55,1562.22,0.13,12416.23,0.000000011524
95000,12268.26,1566.34,0.13,12367.85,0.000000011678
95000,12257.99,1604.25,0.13,12362.52,0.000000011678
95000,12231.28,1580.36,0.13,12332.95,0.000000011678
100000,12259.00,1713.14,0.14,12378.12,0.000000011782
100000,12222.14,1708.86,0.14,12341.02,0.000000011782
100000,12141.77,1714.66,0.14,12262.25,0.000000011782
5000,11661.95,-345.59,-0.03,11667.07,0.000000010351
5000,11657.76,-351.25,-0.03,11663.05,0.000000010351
5000,11649.30,-349.89,-0.03,11654.56,0.000000010351
10000,11585.44,-46.67,-0.00,11585.54,0.000000010363
10000,11595.50,-47.98,-0.00,11595.59,0.000000010363
10000,11589.78,-47.42,-0.00,11589.88,0.000000010363
15000,11534.95,123.05,0.01,11535.61,0.000000010398
15000,11517.39,129.73,0.01,11518.12,0.000000010398
15000,11501.44,125.38,0.01,11502.12,0.000000010398
20000,11431.66,268.31,0.02,11434.81,0.000000010449
20000,11411.66,270.68,0.02,11414.87,0.000000010449
20000,11388.94,269.01,0.02,11392.12,0.000000010449
25000,11418.56,399.44,0.03,11425.55,0.000000010462
25000,11404.46,402.83,0.04,11411.57,0.000000010462
25000,11378.37,399.87,0.04,11385.40,0.000000010462
30000,11383.27,492.27,0.04,11393.91,0.000000010495
30000,11395.75,490.73,0.04,11406.32,0.000000010495
30000,11415.48,490.68,0.04,11426.02,0.000000010495
35000,11434.64,586.90,0.05,11449.69,0.000000010534
35000,11449.53,588.39,0.05,11464.63,0.000000010534
35000,11467.28,588.62,0.05,11482.38,0.000000010534
40000,11506.74,698.86,0.06,11527.94,0.000000010589
40000,11525.70,693.96,0.06,11546.57,0.000000010589
40000,11500.81,690.88,0.06,11521.54,0.000000010589
45000,11476.45,808.27,0.07,11504.87,0.000000010658
45000,11505.00,832.50,0.07,11535.08,0.000000010658
45000,11556.59,823.97,0.07,11585.93,0.000000010658
50000,11553.78,882.33,0.08,11587.42,0.000000010732
50000,11552.95,886.32,0.08,11586.90,0.000000010732
50000,11602.73,883.01,0.08,11636.29,0.000000010732
55000,11683.32,984.12,0.08,11724.69,0.000000010797
55000,11682.63,982.81,0.08,11723.89,0.000000010797
55000,11723.05,973.29,0.08,11763.39,0.000000010797
60000,11772.31,1065.40,0.09,11820.42,0.000000010882
60000,11791.53,1064.13,0.09,11839.45,0.000000010882
60000,11794.67,1067.79,0.09,11842.91,0.000000010882
65000,11875.12,1148.45,0.10,11930.52,0.000000010975
65000,11972.12,1153.82,0.10,12027.59,0.000000010975
65000,12054.03,1154.16,0.10,12109.16,0.000000010975
70000,12080.45,1234.01,0.10,12143.31,0.000000011067
70000,12064.79,1230.49,0.10,12127.37,0.000000011067
70000,12069.58,1229.53,0.10,12132.04,0.000000011067
75000,12112.40,1327.11,0.11,12184.89,0.000000011158
75000,12118.49,1321.48,0.11,12190.33,0.000000011158
75000,12112.23,1325.46,0.11,12184.54,0.000000011158
80000,12121.60,1396.72,0.11,12201.81,0.000000011285
80000,12118.25,1396.75,0.11,12198.48,0.000000011285
80000,12116.66,1408.51,0.12,12198.25,0.000000011285
85000,12154.83,1516.04,0.12,12249.01,0.000000011406
85000,12158.39,1514.64,0.12,12252.37,0.000000011406
85000,12173.10,1503.89,0.12,12265.64,0.000000011406
90000,12208.22,1553.45,0.13,12306.66,0.000000011524
90000,12207.91,1555.17,0.13,12306.57,0.000000011524
90000,12208.70,1560.63,0.13,12308.04,0.000000011524
95000,12232.05,1604.51,0.13,12336.84,0.000000011678
95000,12211.52,1578.68,0.13,12313.14,0.000000011678
95000,12213.55,1584.73,0.13,12315.93,0.000000011678
100000,12286.08,1723.37,0.14,12406.36,0.000000011782
100000,12295.23,1709.36,0.14,12413.49,0.000000011782
100000,12302.23,1721.70,0.14,12422.13,0.000000011782
5000,12008.89,-380.49,-0.03,12014.91,0.000000010351
5000,12005.91,-386.47,-0.03,12012.13,0.000000010351
5000,12007.40,-386.47,-0.03,12013.62,0.000000010351
10000,11958.99,-69.69,-0.01,11959.19,0.000000010363
10000,11943.91,-68.91,-0.01,11944.11,0.000000010363
10000,11929.30,-71.04,-0.01,11929.51,0.000000010363
15000,11881.17,114.74,0.01,11881.73,0.000000010398
15000,11885.15,111.25,0.01,11885.67,0.000000010398
15000,11886.19,113.05,0.01,11886.73,0.000000010398
20000,11854.38,257.70,0.02,11857.19,0.000000010449
20000,11856.82,255.49,0.02,11859.58,0.000000010449
20000,11857.89,252.75,0.02,11860.58,0.000000010449
25000,11879.38,394.85,0.03,11885.94,0.000000010462
25000,11878.06,394.17,0.03,11884.60,0.000000010462
25000,11880.69,395.53,0.03,11887.27,0.000000010462
30000,11894.56,490.72,0.04,11904.68,0.000000010495
30000,11898.25,487.82,0.04,11908.25,0.000000010495
30000,11901.16,491.51,0.04,11911.31,0.000000010495
35000,11917.96,582.28,0.05,11932.18,0.000000010534
35000,11908.58,584.31,0.05,11922.91,0.000000010534
35000,11901.75,590.32,0.05,11916.38,0.000000010534
40000,11909.38,701.14,0.06,11930.00,0.000000010589
40000,11910.44,704.34,0.06,11931.25,0.000000010589
40000,11899.80,697.93,0.06,11920.25,0.000000010589
45000,11919.86,851.92,0.07,11950.27,0.000000010658
45000,11931.10,817.37,0.07,11959.07,0.000000010658
45000,11837.35,819.48,0.07,11865.68,0.000000010658
50000,11888.01,890.81,0.07,11921.34,0.000000010732
50000,11895.20,893.37,0.07,11928.70,0.000000010732
50000,11928.32,893.47,0.07,11961.74,0.000000010732
55000,11938.58,993.66,0.08,11979.87,0.000000010797
55000,11960.21,998.05,0.08,12001.78,0.000000010797
55000,11967.09,994.42,0.08,12008.33,0.000000010797
60000,11989.49,1076.98,0.09,12037.77,0.000000010882
60000,11986.57,1078.17,0.09,12034.97,0.000000010882
60000,11973.99,1076.52,0.09,12022.28,0.000000010882
65000,12002.16,1159.75,0.10,12058.06,0.000000010975
65000,12007.20,1159.90,0.10,12063.09,0.000000010975
65000,12012.86,1156.53,0.10,12068.41,0.000000010975
70000,12059.04,1226.67,0.10,12121.27,0.000000011067
70000,12062.55,1227.62,0.10,12124.86,0.000000011067
70000,12071.49,1230.81,0.10,12134.08,0.000000011067
75000,12117.35,1326.60,0.11,12189.75,0.000000011158
75000,12092.78,1314.17,0.11,12163.98,0.000000011158
75000,12127.76,1330.54,0.11,12200.53,0.000000011158
80000,12146.93,1404.93,0.12,12227.91,0.000000011285
80000,12154.99,1369.39,0.11,12231.88,0.000000011285
80000,12135.09,1399.97,0.11,12215.58,0.000000011285
85000,12175.77,1512.73,0.12,12269.38,0.000000011406
85000,12154.03,1505.67,0.12,12246.93,0.000000011406
85000,12160.85,1506.26,0.12,12253.78,0.000000011406
90000,12199.94,1550.20,0.13,12298.03,0.000000011524
90000,12189.83,1557.24,0.13,12288.90,0.000000011524
90000,12188.12,1556.93,0.13,12287.16,0.000000011524
95000,12219.89,1568.09,0.13,12320.09,0.000000011678
95000,12195.51,1563.37,0.13,12295.31,0.000000011678
95000,12175.12,1598.02,0.13,12279.55,0.000000011678
100000,12237.04,1720.26,0.14,12357.36,0.000000011782
100000,12246.54,1710.38,0.14,12365.41,0.000000011782
100000,12259.59,1726.88,0.14,12380.62,0.000000011782
5000,12032.85,-386.45,-0.03,12039.06,0.000000010351
5000,12050.89,-393.95,-0.03,12057.33,0.000000010351
5000,12065.95,-392.44,-0.03,12072.34,0.000000010351
10000,12016.92,-74.78,-0.01,12017.16,0.000000010363
10000,12024.12,-72.22,-0.01,12024.33,0.000000010363
10000,12024.55,-75.18,-0.01,12024.78,0.000000010363
15000,11974.96,107.75,0.01,11975.45,0.000000010398
15000,11979.67,107.46,0.01,11980.15,0.000000010398
15000,11978.51,111.79,0.01,11979.04,0.000000010398
20000,11952.02,256.04,0.02,11954.76,0.000000010449
20000,11943.13,254.18,0.02,11945.84,0.000000010449
20000,11925.17,255.17,0.02,11927.90,0.000000010449
25000,11905.29,389.95,0.03,11911.67,0.000000010462
25000,11957.94,392.07,0.03,11964.37,0.000000010462
25000,11985.43,394.50,0.03,11991.92,0.000000010462
30000,12002.35,487.96,0.04,12012.26,0.000000010495
30000,11999.42,489.66,0.04,12009.41,0.000000010495
30000,11993.53,487.60,0.04,12003.44,0.000000010495
35000,12016.40,588.27,0.05,12030.79,0.000000010534
35000,12011.89,586.56,0.05,12026.21,0.000000010534
35000,12006.87,590.33,0.05,12021.37,0.000000010534
40000,12026.68,704.48,0.06,12047.29,0.000000010589
40000,12022.33,704.48,0.06,12042.96,0.000000010589
40000,12020.16,697.96,0.06,12040.41,0.000000010589
45000,11982.12,829.18,0.07,12010.77,0.000000010658
45000,12014.37,768.87,0.06,12038.95,0.000000010658
45000,12064.26,822.26,0.07,12092.25,0.000000010658
50000,12050.92,901.57,0.07,12084.60,0.000000010732
50000,12064.85,899.87,0.07,12098.37,0.000000010732
50000,12151.29,901.35,0.07,12184.67,0.000000010732
55000,12231.38,1003.90,0.08,12272.51,0.000000010797
55000,12229.27,1006.86,0.08,12270.65,0.000000010797
55000,12222.01,1007.04,0.08,12263.43,0.000000010797
60000,12243.73,1085.65,0.09,12291.77,0.000000010882
60000,12246.77,1084.40,0.09,12294.69,0.000000010882
60000,12243.73,1085.65,0.09,12291.77,0.000000010882
65000,12264.53,1165.64,0.09,12319.79,0.000000010975
65000,12265.15,1161.97,0.09,12320.07,0.000000010975
65000,12246.53,1169.36,0.10,12302.24,0.000000010975
70000,12245.89,1234.41,0.10,12307.95,0.000000011067
70000,12242.27,1233.44,0.10,12304.25,0.000000011067
70000,12222.91,1230.54,0.10,12284.70,0.000000011067
75000,12213.11,1326.77,0.11,12284.97,0.000000011158
75000,12261.60,1335.33,0.11,12334.09,0.000000011158
75000,12256.18,1332.48,0.11,12328.40,0.000000011158
80000,12271.35,1403.80,0.11,12351.38,0.000000011285
80000,12269.68,1408.98,0.11,12350.31,0.000000011285
80000,12271.35,1403.80,0.11,12351.38,0.000000011285
85000,12301.53,1507.93,0.12,12393.61,0.000000011406
85000,12292.51,1510.67,0.12,12384.99,0.000000011406
85000,12298.44,1523.48,0.12,12392.44,0.000000011406
90000,12339.00,1553.37,0.13,12436.39,0.000000011524
90000,12341.58,1559.25,0.13,12439.69,0.000000011524
90000,12336.62,1556.57,0.13,12434.44,0.000000011524
95000,12341.49,1591.62,0.13,12443.70,0.000000011678
95000,12345.12,1557.03,0.13,12442.93,0.000000011678
95000,12357.69,1594.13,0.13,12460.09,0.000000011678
100000,12413.83,1700.79,0.14,12529.80,0.000000011782
100000,12408.55,1683.08,0.13,12522.17,0.000000011782
100000,12404.07,1695.21,0.14,12519.38,0.000000011782