Freq,Real,Imag,Phase,Impedance,Gain
5000,141916.73,-4464.66,-0.03,141986.93,0.000000010351
5000,119545.27,-6029.13,-0.05,119697.21,0.000000010351
5000,167492.29,-8320.52,-0.05,167698.84,0.000000010351
10000,173073.20,-16296.98,-0.09,173838.79,0.000000010363
10000,158979.82,-15790.72,-0.10,159762.10,0.000000010363
10000,128387.44,-10055.21,-0.08,128780.60,0.000000010363
15000,194685.25,-31304.16,-0.16,197185.93,0.000000010398
15000,186080.04,-26561.39,-0.14,187966.20,0.000000010398
15000,154311.65,-17672.60,-0.11,155320.34,0.000000010398
20000,185837.21,-34241.66,-0.18,188965.51,0.000000010449
20000,206576.54,-43434.03,-0.21,211093.29,0.000000010449
20000,222828.12,-47933.92,-0.21,227925.51,0.000000010449
25000,168005.70,-35259.50,-0.21,171665.79,0.000000010462
25000,154893.60,-30064.67,-0.19,157784.39,0.000000010462
25000,164681.75,-34651.07,-0.21,168287.78,0.000000010462
30000,191524.53,-58532.48,-0.30,200269.07,0.000000010495
30000,201117.56,-60264.54,-0.29,209952.59,0.000000010495
30000,193679.53,-58298.46,-0.29,202263.37,0.000000010495
35000,153632.67,-38132.53,-0.24,158294.31,0.000000010534
35000,147959.50,-41599.82,-0.27,153696.32,0.000000010534
35000,156929.81,-41942.43,-0.26,162438.09,0.000000010534
40000,180017.42,-64376.71,-0.34,191182.20,0.000000010589
40000,171199.57,-62676.28,-0.35,182311.85,0.000000010589
40000,166738.76,-53579.07,-0.31,175135.76,0.000000010589
45000,117407.56,-60148.33,-0.47,131917.98,0.000000010658
45000,149144.68,-43264.25,-0.28,155293.04,0.000000010658
45000,155308.84,-20786.39,-0.13,156693.68,0.000000010658
50000,145812.96,-55983.05,-0.37,156190.67,0.000000010732
50000,146739.17,-54821.89,-0.36,156645.54,0.000000010732
50000,119075.04,-46707.21,-0.37,127907.90,0.000000010732
55000,118798.67,-33957.61,-0.28,123556.64,0.000000010797
55000,117236.01,-33506.04,-0.28,121930.05,0.000000010797
55000,122042.58,-38615.90,-0.31,128006.17,0.000000010797
60000,125863.46,-46071.70,-0.35,134030.64,0.000000010882
60000,128313.85,-44641.75,-0.33,135857.76,0.000000010882
60000,115504.65,-39748.90,-0.33,122152.78,0.000000010882
65000,104710.79,-30943.51,-0.29,109187.24,0.000000010975
65000,102595.70,-29065.27,-0.28,106633.33,0.000000010975
65000,101080.22,-27970.42,-0.27,104878.77,0.000000010975
70000,93454.04,-24404.82,-0.26,96588.06,0.000000011067
70000,91411.39,-24563.32,-0.26,94654.10,0.000000011067
70000,88581.17,-23221.72,-0.26,91574.41,0.000000011067
75000,85777.77,-21318.15,-0.24,88387.16,0.000000011158
75000,83153.32,-21010.52,-0.25,85766.64,0.000000011158
75000,81642.95,-19786.05,-0.24,84006.31,0.000000011158
80000,81312.99,-21065.61,-0.25,83997.39,0.000000011285
80000,84230.71,-13336.22,-0.16,85279.94,0.000000011285
80000,79806.59,-20738.01,-0.25,82457.00,0.000000011285
85000,78157.34,-20081.17,-0.25,80695.87,0.000000011406
85000,78216.08,-21082.58,-0.26,81007.60,0.000000011406
85000,76408.40,-20181.80,-0.26,79028.79,0.000000011406
90000,77361.91,-20615.92,-0.26,80061.74,0.000000011524
90000,76614.66,-20025.06,-0.26,79188.44,0.000000011524
90000,76735.12,-20105.38,-0.26,79325.32,0.000000011524
95000,73459.67,-16586.71,-0.22,75308.98,0.000000011678
95000,71477.29,-21029.33,-0.29,74506.62,0.000000011678
95000,74815.14,-16543.93,-0.22,76622.49,0.000000011678
100000,72531.59,-17678.71,-0.24,74655.00,0.000000011782
100000,70343.14,-17919.93,-0.25,72589.82,0.000000011782
100000,70815.53,-16633.77,-0.23,72742.85,0.000000011782
5000,83767.66,-3214.62,-0.04,83829.32,0.000000010351
5000,83257.18,-3496.21,-0.04,83330.57,0.000000010351
5000,84203.32,-3440.10,-0.04,84273.57,0.000000010351
10000,83691.64,-4185.17,-0.05,83796.23,0.000000010363
10000,83905.88,-4099.61,-0.05,84005.98,0.000000010363
10000,83122.16,-4361.07,-0.05,83236.49,0.000000010363
15000,84401.88,-4894.03,-0.06,84543.65,0.000000010398
15000,84408.05,-5567.38,-0.07,84591.46,0.000000010398
15000,84006.43,-5315.48,-0.06,84174.43,0.000000010398
20000,85070.12,-6911.44,-0.08,85350.42,0.000000010449
20000,83786.70,-6523.47,-0.08,84040.26,0.000000010449
20000,83995.03,-6863.22,-0.08,84274.97,0.000000010449
25000,83149.08,-7614.29,-0.09,83496.99,0.000000010462
25000,83010.88,-7347.83,-0.09,83335.46,0.000000010462
25000,82816.24,-7468.95,-0.09,83152.35,0.000000010462
30000,82688.79,-8011.89,-0.10,83076.03,0.000000010495
30000,81922.33,-8697.56,-0.11,82382.74,0.000000010495
30000,82892.72,-8176.12,-0.10,83294.98,0.000000010495
35000,80411.00,-8046.02,-0.10,80812.56,0.000000010534
35000,80087.39,-8910.34,-0.11,80581.53,0.000000010534
35000,80883.17,-9870.35,-0.12,81483.21,0.000000010534
40000,80049.14,-9971.26,-0.12,80667.78,0.000000010589
40000,79964.32,-9783.04,-0.12,80560.54,0.000000010589
40000,79657.80,-8036.57,-0.10,80062.17,0.000000010589
45000,81295.10,-2503.30,-0.03,81333.64,0.000000010658
45000,82192.18,-18244.96,-0.22,84192.83,0.000000010658
45000,88280.67,-14413.20,-0.16,89449.52,0.000000010658
50000,79498.33,-11395.45,-0.14,80310.90,0.000000010732
50000,79682.91,-11035.78,-0.14,80443.49,0.000000010732
50000,80338.20,-12526.19,-0.15,81308.87,0.000000010732
55000,80647.51,-12686.20,-0.16,81639.21,0.000000010797
55000,82122.53,-13544.25,-0.16,83231.94,0.000000010797
55000,80953.04,-14051.14,-0.17,82163.43,0.000000010797
60000,85157.88,-16034.76,-0.19,86654.36,0.000000010882
60000,86000.60,-17364.28,-0.20,87736.08,0.000000010882
60000,86048.75,-15162.45,-0.17,87374.41,0.000000010882
65000,85735.54,-17043.28,-0.20,87413.14,0.000000010975
65000,86419.67,-18015.41,-0.21,88277.50,0.000000010975
65000,83965.42,-17220.48,-0.20,85713.12,0.000000010975
70000,86120.78,-18638.54,-0.21,88114.60,0.000000011067
70000,84379.35,-18852.20,-0.22,86459.71,0.000000011067
70000,85289.08,-18363.65,-0.21,87243.63,0.000000011067
75000,84188.69,-13320.39,-0.16,85235.96,0.000000011158
75000,85059.23,-20091.61,-0.23,87399.92,0.000000011158
75000,86906.32,-20835.16,-0.24,89368.97,0.000000011158
80000,87263.28,-23357.59,-0.26,90335.25,0.000000011285
80000,87969.31,-22876.60,-0.25,90895.21,0.000000011285
80000,87268.86,-23618.22,-0.26,90408.38,0.000000011285
85000,83692.81,-21796.58,-0.25,86484.55,0.000000011406
85000,84029.41,-21084.19,-0.25,86634.20,0.000000011406
85000,81189.00,-22119.95,-0.27,84148.35,0.000000011406
90000,79338.69,-22567.18,-0.28,82485.79,0.000000011524
90000,82710.18,-22466.74,-0.27,85707.22,0.000000011524
90000,82113.21,-21853.40,-0.26,84971.47,0.000000011524
95000,84642.66,-24065.08,-0.28,87997.21,0.000000011678
95000,80294.12,-22163.97,-0.27,83296.98,0.000000011678
95000,81429.57,-27113.69,-0.32,85824.98,0.000000011678
100000,80928.84,-23694.45,-0.28,84326.18,0.000000011782
100000,81315.39,-25952.98,-0.31,85356.60,0.000000011782
100000,79679.29,-25089.07,-0.31,83535.92,0.000000011782
5000,98669.40,-3919.54,-0.04,98747.23,0.000000010351
5000,93944.95,-4487.87,-0.05,94052.09,0.000000010351
5000,95155.24,-4336.24,-0.05,95253.99,0.000000010351
10000,98936.76,-5869.04,-0.06,99110.69,0.000000010363
10000,99649.67,-5737.75,-0.06,99814.73,0.000000010363
10000,102089.16,-5846.34,-0.06,102256.42,0.000000010363
15000,97718.53,-7911.85,-0.08,98038.31,0.000000010398
15000,99039.05,-7903.39,-0.08,99353.90,0.000000010398
15000,99382.73,-7148.01,-0.07,99639.46,0.000000010398
20000,100327.25,-9778.87,-0.10,100802.69,0.000000010449
20000,102316.85,-9946.15,-0.10,102799.14,0.000000010449
20000,103065.61,-10521.53,-0.10,103601.27,0.000000010449
25000,105470.82,-12468.91,-0.12,106205.32,0.000000010462
25000,104723.48,-11655.59,-0.11,105370.10,0.000000010462
25000,103843.89,-11358.36,-0.11,104463.23,0.000000010462
30000,105622.43,-14822.30,-0.14,106657.39,0.000000010495
30000,106599.32,-13725.81,-0.13,107479.36,0.000000010495
30000,105666.79,-13463.54,-0.13,106521.07,0.000000010495
35000,105823.12,-16727.21,-0.16,107136.99,0.000000010534
35000,106539.78,-17034.42,-0.16,107892.98,0.000000010534
35000,110397.00,-15773.90,-0.14,111518.23,0.000000010534
40000,109652.78,-19958.89,-0.18,111454.43,0.000000010589
40000,111394.68,-21524.90,-0.19,113455.27,0.000000010589
40000,110744.03,-21715.19,-0.19,112852.96,0.000000010589
45000,94264.17,-18252.20,-0.19,96014.99,0.000000010658
45000,126585.10,-31015.89,-0.24,130329.47,0.000000010658
45000,100505.85,-21224.02,-0.21,102722.37,0.000000010658
50000,105327.40,-22738.11,-0.21,107753.81,0.000000010732
50000,106477.02,-22227.74,-0.21,108772.37,0.000000010732
50000,104174.46,-21368.19,-0.20,106343.41,0.000000010732
55000,102851.81,-23600.69,-0.23,105524.82,0.000000010797
55000,104083.37,-18463.39,-0.18,105708.30,0.000000010797
55000,106582.87,-17105.86,-0.16,107946.84,0.000000010797
60000,103432.84,-25356.27,-0.24,106495.50,0.000000010882
60000,100792.85,-23706.78,-0.23,103543.28,0.000000010882
60000,100485.86,-24563.80,-0.24,103444.62,0.000000010882
65000,98700.21,-25313.23,-0.25,101894.52,0.000000010975
65000,99850.51,-25379.05,-0.25,103025.34,0.000000010975
65000,100006.19,-26255.73,-0.26,103395.37,0.000000010975
70000,101202.32,-29041.94,-0.28,105286.96,0.000000011067
70000,100960.32,-27864.57,-0.27,104735.00,0.000000011067
70000,101345.91,-28187.17,-0.27,105192.73,0.000000011067
75000,101318.93,-26274.56,-0.25,104670.34,0.000000011158
75000,99140.31,-29107.18,-0.29,103324.87,0.000000011158
75000,97459.10,-33013.15,-0.33,102898.71,0.000000011158
80000,96479.04,-30065.42,-0.30,101055.11,0.000000011285
80000,95614.77,-33927.51,-0.34,101455.71,0.000000011285
80000,97753.67,-22114.07,-0.22,100223.82,0.000000011285
85000,93989.60,-29508.07,-0.30,98512.80,0.000000011406
85000,95251.13,-32393.54,-0.33,100608.75,0.000000011406
85000,93216.11,-30447.74,-0.32,98062.78,0.000000011406
90000,94534.04,-32674.33,-0.33,100021.48,0.000000011524
90000,93296.19,-32006.93,-0.33,98633.78,0.000000011524
90000,92298.38,-30964.75,-0.32,97354.03,0.000000011524
95000,86393.75,-30446.03,-0.34,91601.53,0.000000011678
95000,88880.96,-35714.74,-0.38,95788.14,0.000000011678
95000,86852.45,-32231.43,-0.36,92640.24,0.000000011678
100000,90018.95,-33274.17,-0.35,95971.78,0.000000011782
100000,94751.20,-34703.60,-0.35,100906.54,0.000000011782
100000,87934.87,-30919.56,-0.34,93212.45,0.000000011782
5000,117256.78,-4235.58,-0.04,117333.27,0.000000010351
5000,114876.16,-4764.91,-0.04,114974.95,0.000000010351
5000,115975.74,-5063.08,-0.04,116086.21,0.000000010351
10000,116496.80,-7148.06,-0.06,116715.89,0.000000010363
10000,115525.85,-7458.56,-0.06,115766.39,0.000000010363
10000,114010.96,-7228.57,-0.06,114239.89,0.000000010363
15000,114206.05,-8842.12,-0.08,114547.83,0.000000010398
15000,114723.01,-10177.76,-0.09,115173.60,0.000000010398
15000,114166.03,-10077.60,-0.09,114609.96,0.000000010398
20000,116708.70,-12158.53,-0.10,117340.33,0.000000010449
20000,115840.87,-12120.02,-0.10,116473.18,0.000000010449
20000,116388.75,-11909.03,-0.10,116996.43,0.000000010449
25000,113301.79,-13794.68,-0.12,114138.47,0.000000010462
25000,114251.87,-14472.22,-0.13,115164.82,0.000000010462
25000,113706.43,-14560.07,-0.13,114634.85,0.000000010462
30000,110633.53,-16696.89,-0.15,111886.39,0.000000010495
30000,112286.51,-15523.05,-0.14,113354.42,0.000000010495
30000,111198.58,-16174.73,-0.14,112368.80,0.000000010495
35000,109070.93,-16311.83,-0.15,110283.92,0.000000010534
35000,107509.46,-16375.10,-0.15,108749.38,0.000000010534
35000,111138.87,-17345.72,-0.15,112484.32,0.000000010534
40000,103331.92,-21418.70,-0.20,105528.42,0.000000010589
40000,110179.87,-17830.80,-0.16,111613.35,0.000000010589
40000,106004.70,-18997.57,-0.18,107693.57,0.000000010589
45000,105926.80,-7339.22,-0.07,106180.75,0.000000010658
45000,95388.03,-11417.56,-0.12,96068.92,0.000000010658
45000,91817.34,-17761.53,-0.19,93519.50,0.000000010658
50000,104873.51,-21720.09,-0.20,107099.10,0.000000010732
50000,103744.02,-21300.23,-0.20,105908.07,0.000000010732
50000,102332.88,-20518.00,-0.20,104369.57,0.000000010732
55000,101994.21,-22968.51,-0.22,104548.42,0.000000010797
55000,101393.33,-21829.46,-0.21,103716.60,0.000000010797
55000,101102.32,-22770.22,-0.22,103634.75,0.000000010797
60000,103085.00,-24279.52,-0.23,105905.67,0.000000010882
60000,101967.14,-25489.81,-0.24,105104.85,0.000000010882
60000,103147.74,-24384.33,-0.23,105990.81,0.000000010882
65000,99271.22,-24931.59,-0.25,102354.09,0.000000010975
65000,99142.40,-24741.55,-0.24,102182.98,0.000000010975
65000,103668.98,-27222.53,-0.26,107183.60,0.000000010975
70000,108804.08,-32670.25,-0.29,113603.14,0.000000011067
70000,109234.78,-33590.45,-0.30,114282.79,0.000000011067
70000,120514.52,-43336.25,-0.35,128069.44,0.000000011067
75000,118138.60,-47942.63,-0.39,127495.98,0.000000011158
75000,103733.76,-39137.88,-0.36,110871.40,0.000000011158
75000,104942.60,-39555.93,-0.36,112149.99,0.000000011158
80000,101977.45,-29764.55,-0.28,106232.42,0.000000011285
80000,99112.67,-32184.25,-0.31,104207.23,0.000000011285
80000,101210.68,-34529.18,-0.33,106938.61,0.000000011285
85000,97591.48,-32106.11,-0.32,102737.04,0.000000011406
85000,105002.41,-37143.96,-0.34,111378.55,0.000000011406
85000,117626.40,-50604.58,-0.41,128049.96,0.000000011406
90000,129881.28,-139060.57,-0.82,190281.35,0.000000011524
90000,62614.15,-194486.51,-1.26,204317.25,0.000000011524
90000,72363.16,-197524.07,-1.22,210362.04,0.000000011524
95000,135153.04,-154022.81,-0.85,204913.09,0.000000011678
95000,115335.17,-183367.18,-1.01,216623.48,0.000000011678
95000,120664.70,-171777.50,-0.96,209922.56,0.000000011678
100000,122797.90,-82797.03,-0.59,148103.59,0.000000011782
100000,128752.28,-101712.90,-0.67,164081.26,0.000000011782
100000,110859.64,-157750.59,-0.96,192808.48,0.000000011782
5000,81437.55,-2636.27,-0.03,81480.21,0.000000010351
5000,76892.13,-2998.10,-0.04,76950.56,0.000000010351
5000,76586.89,-2994.19,-0.04,76645.40,0.000000010351
10000,77751.25,-3409.84,-0.04,77825.99,0.000000010363
10000,82374.44,-3763.90,-0.05,82460.39,0.000000010363
10000,83384.79,-3913.16,-0.05,83476.57,0.000000010363
15000,82464.30,-5206.01,-0.06,82628.46,0.000000010398
15000,87045.28,-5017.24,-0.06,87189.75,0.000000010398
15000,90457.63,-5842.36,-0.06,90646.10,0.000000010398
20000,86043.15,-6665.83,-0.08,86300.97,0.000000010449
20000,85764.61,-6007.54,-0.07,85974.76,0.000000010449
20000,98484.21,-8677.84,-0.09,98865.79,0.000000010449
25000,331209.21,-437643.81,-0.92,548845.75,0.000000010462
25000,333460.31,-389162.87,-0.86,512487.59,0.000000010462
25000,323418.90,-426323.81,-0.92,535118.50,0.000000010462
30000,253167.46,-429712.87,-1.04,498745.37,0.000000010495
30000,244613.60,-445370.06,-1.07,508124.31,0.000000010495
30000,234388.26,-463833.62,-1.10,519691.71,0.000000010495
35000,119857.75,-352093.34,-1.24,371934.93,0.000000010534
35000,97873.89,-346296.81,-1.30,359862.15,0.000000010534
35000,94786.64,-343346.84,-1.30,356190.34,0.000000010534
40000,90690.99,-314072.96,-1.29,326904.71,0.000000010589
40000,82359.82,-310920.87,-1.31,321644.09,0.000000010589
40000,82766.98,-309907.00,-1.31,320768.93,0.000000010589
45000,58008.54,-280897.12,-1.37,286824.34,0.000000010658
45000,63704.07,-264374.03,-1.33,271940.87,0.000000010658
45000,74733.58,-294294.06,-1.32,303634.81,0.000000010658
50000,64292.50,-258125.42,-1.33,266011.78,0.000000010732
50000,66396.28,-252496.76,-1.31,261080.60,0.000000010732
50000,63923.09,-253421.06,-1.32,261358.76,0.000000010732
55000,61079.98,-233531.53,-1.31,241387.12,0.000000010797
55000,57673.35,-234912.67,-1.33,241888.78,0.000000010797
55000,59121.62,-233874.46,-1.32,241231.51,0.000000010797
60000,52265.97,-217151.45,-1.33,223352.84,0.000000010882
60000,54393.52,-217885.14,-1.33,224572.03,0.000000010882
60000,54557.75,-215716.28,-1.32,222508.56,0.000000010882
65000,48981.48,-202516.95,-1.33,208356.20,0.000000010975
65000,50394.37,-199691.15,-1.32,205951.81,0.000000010975
65000,49463.59,-201099.12,-1.33,207092.98,0.000000010975
70000,47977.71,-187322.56,-1.32,193369.09,0.000000011067
70000,46157.94,-185439.54,-1.33,191097.84,0.000000011067
70000,47811.17,-185689.62,-1.32,191746.04,0.000000011067
75000,43742.19,-178543.07,-1.33,183823.31,0.000000011158
75000,46000.28,-174379.03,-1.31,180344.31,0.000000011158
75000,43923.12,-175133.59,-1.33,180557.53,0.000000011158
80000,42787.89,-163913.29,-1.32,169405.93,0.000000011285
80000,42700.90,-163601.98,-1.32,169082.75,0.000000011285
80000,42836.14,-162896.15,-1.31,168434.25,0.000000011285
85000,42781.11,-154037.21,-1.30,159867.71,0.000000011406
85000,40240.44,-152250.37,-1.31,157478.48,0.000000011406
85000,40300.23,-154058.43,-1.31,159242.29,0.000000011406
90000,37966.18,-146608.43,-1.32,151444.59,0.000000011524
90000,38333.92,-146147.51,-1.31,151091.31,0.000000011524
90000,39512.78,-146170.29,-1.31,151416.68,0.000000011524
95000,32291.38,-138589.03,-1.34,142301.28,0.000000011678
95000,40447.17,-134918.45,-1.28,140850.85,0.000000011678
95000,41236.88,-136938.37,-1.28,143012.57,0.000000011678
100000,38452.44,-134661.90,-1.29,140044.34,0.000000011782
100000,38168.53,-129839.35,-1.28,135333.28,0.000000011782
100000,36300.00,-130957.88,-1.30,135895.75,0.000000011782
5000,2518752.50,-1106820.50,-0.41,2751211.75,0.000000010351
5000,2305056.00,-1467290.75,-0.57,2732439.50,0.000000010351
5000,2342236.50,-1537269.25,-0.58,2801654.75,0.000000010351
10000,532476.43,-1157907.37,-1.14,1274472.62,0.000000010363
10000,513927.56,-1186588.25,-1.16,1293102.25,0.000000010363
10000,504677.87,-1140241.62,-1.15,1246936.50,0.000000010363
15000,211731.31,-760657.31,-1.30,789575.62,0.000000010398
15000,236013.78,-783888.37,-1.28,818647.31,0.000000010398
15000,225375.67,-755812.06,-1.28,788699.00,0.000000010398
20000,117138.62,-588402.00,-1.37,599948.68,0.000000010449
20000,109442.10,-585176.06,-1.39,595322.25,0.000000010449
20000,124799.85,-596937.56,-1.36,609843.81,0.000000010449
25000,96104.78,-479873.65,-1.37,489402.56,0.000000010462
25000,110038.32,-475599.03,-1.34,488162.75,0.000000010462
25000,102826.57,-472597.68,-1.36,483654.71,0.000000010462
30000,79812.85,-408969.59,-1.38,416684.81,0.000000010495
30000,87505.58,-399107.78,-1.35,408588.12,0.000000010495
30000,86452.64,-400514.34,-1.36,409738.68,0.000000010495
35000,70644.00,-357891.71,-1.38,364797.28,0.000000010534
35000,70272.60,-355955.18,-1.38,362825.50,0.000000010534
35000,71424.53,-351772.34,-1.37,358950.21,0.000000010534
40000,60353.85,-316031.56,-1.38,321743.00,0.000000010589
40000,62806.16,-316162.40,-1.37,322340.34,0.000000010589
40000,70223.76,-316337.31,-1.35,324038.09,0.000000010589
45000,51992.92,-271658.84,-1.38,276589.59,0.000000010658
45000,51749.22,-279919.93,-1.39,284663.21,0.000000010658
45000,71600.91,-268715.00,-1.31,278090.71,0.000000010658
50000,56464.20,-250642.75,-1.35,256924.10,0.000000010732
50000,56666.31,-249965.54,-1.35,256308.12,0.000000010732
50000,62512.08,-250092.59,-1.33,257786.85,0.000000010732
55000,52059.23,-231312.60,-1.35,237098.48,0.000000010797
55000,51466.44,-231185.40,-1.35,236844.85,0.000000010797
55000,54195.84,-229892.89,-1.34,236194.70,0.000000010797
60000,48743.34,-210448.46,-1.34,216019.60,0.000000010882
60000,47929.47,-212934.82,-1.35,218262.40,0.000000010882
60000,51232.31,-211217.78,-1.33,217342.35,0.000000010882
65000,44883.80,-198686.81,-1.35,203693.40,0.000000010975
65000,45859.76,-196462.68,-1.34,201744.15,0.000000010975
65000,45322.45,-199160.68,-1.35,204252.57,0.000000010975
70000,44860.12,-184337.89,-1.33,189717.93,0.000000011067
70000,44890.44,-184735.93,-1.33,190111.85,0.000000011067
70000,44199.20,-186400.68,-1.34,191569.26,0.000000011067
75000,40400.81,-173501.85,-1.34,178143.53,0.000000011158
75000,42795.84,-172778.92,-1.33,178000.12,0.000000011158
75000,42277.30,-171796.17,-1.33,176921.73,0.000000011158
80000,40427.54,-161257.09,-1.33,166247.51,0.000000011285
80000,41934.39,-164483.01,-1.32,169744.39,0.000000011285
80000,41786.22,-165197.71,-1.32,170400.64,0.000000011285
85000,39114.96,-154177.25,-1.32,159061.62,0.000000011406
85000,42204.64,-157455.46,-1.31,163013.67,0.000000011406
85000,41590.51,-154192.79,-1.31,159703.45,0.000000011406
90000,38933.38,-145573.82,-1.31,150690.25,0.000000011524
90000,39404.40,-145346.39,-1.31,150593.09,0.000000011524
90000,38950.90,-144412.35,-1.31,149573.06,0.000000011524
95000,41814.94,-135682.34,-1.27,141979.53,0.000000011678
95000,33807.96,-133144.29,-1.32,137369.51,0.000000011678
95000,41402.23,-134267.92,-1.27,140506.29,0.000000011678
100000,37178.95,-129244.13,-1.29,134485.39,0.000000011782
100000,35961.21,-128306.07,-1.30,133250.35,0.000000011782
100000,37477.61,-129286.34,-1.29,134608.79,0.000000011782
5000,2290276.50,-1301347.62,-0.52,2634174.00,0.000000010351
5000,2140881.25,-1468025.00,-0.60,2595856.50,0.000000010351
5000,2140881.25,-1468025.00,-0.60,2595856.50,0.000000010351
10000,513927.56,-1186588.25,-1.16,1293102.25,0.000000010363
10000,594033.50,-1152911.50,-1.10,1296950.50,0.000000010363
10000,563736.43,-1137221.87,-1.11,1269280.25,0.000000010363
15000,265825.43,-840661.25,-1.26,881688.50,0.000000010398
15000,400446.56,-1032552.50,-1.20,1107484.62,0.000000010398
15000,400446.56,-1032552.50,-1.20,1107484.62,0.000000010398
20000,171514.82,-822680.68,-1.37,840369.50,0.000000010449
20000,167949.56,-787506.31,-1.36,805216.31,0.000000010449
20000,197234.00,-797396.12,-1.33,821426.75,0.000000010449
25000,173492.59,-642224.87,-1.31,665246.18,0.000000010462
25000,156964.40,-641136.18,-1.33,660070.75,0.000000010462
25000,166033.71,-614840.62,-1.31,636864.31,0.000000010462
30000,135438.28,-504288.62,-1.31,522159.50,0.000000010495
30000,134246.68,-517332.56,-1.32,534467.18,0.000000010495
30000,143272.53,-502249.53,-1.29,522285.00,0.000000010495
35000,112936.53,-440233.31,-1.32,454488.78,0.000000010534
35000,110442.15,-409348.15,-1.31,423985.15,0.000000010534
35000,105246.14,-415284.93,-1.32,428413.71,0.000000010534
40000,85602.77,-360481.50,-1.34,370506.09,0.000000010589
40000,94965.42,-423558.21,-1.35,434073.71,0.000000010589
40000,103722.14,-418900.71,-1.33,431550.84,0.000000010589
45000,48283.14,-317795.56,-1.42,321442.50,0.000000010658
45000,141833.79,-331632.28,-1.17,360689.34,0.000000010658
45000,56199.71,-307450.90,-1.39,312545.15,0.000000010658
50000,26079.24,-344861.84,-1.50,345846.53,0.000000010732
50000,83689.86,-318853.28,-1.31,329653.46,0.000000010732
50000,78575.34,-306196.59,-1.32,316117.75,0.000000010732
55000,71819.61,-273773.50,-1.31,283037.09,0.000000010797
55000,74898.60,-269846.43,-1.30,280048.03,0.000000010797
55000,76767.18,-284417.93,-1.31,294595.93,0.000000010797
60000,58647.35,-239393.67,-1.33,246472.81,0.000000010882
60000,63290.98,-239717.17,-1.31,247931.59,0.000000010882
60000,57636.07,-236033.18,-1.33,242968.28,0.000000010882
65000,66222.25,-255528.98,-1.32,263970.53,0.000000010975
65000,74810.62,-268087.84,-1.30,278330.25,0.000000010975
65000,58588.10,-273190.90,-1.36,279402.62,0.000000010975
70000,61870.90,-239683.14,-1.32,247539.93,0.000000011067
70000,61917.92,-247400.20,-1.33,255030.78,0.000000011067
70000,58337.22,-247670.89,-1.34,254448.64,0.000000011067
75000,95518.10,-224591.35,-1.17,244059.39,0.000000011158
75000,63387.87,-232079.96,-1.30,240580.82,0.000000011158
75000,85654.69,-21315.39,-0.24,88267.05,0.000000011158
80000,81624.29,-23855.79,-0.28,85038.96,0.000000011285
80000,85714.92,-25288.42,-0.29,89367.51,0.000000011285
80000,85473.14,-23265.60,-0.27,88582.98,0.000000011285
85000,88370.46,-31267.39,-0.34,93738.93,0.000000011406
85000,87060.38,-29135.12,-0.32,91806.13,0.000000011406
85000,89571.40,-28878.64,-0.31,94111.71,0.000000011406
90000,86542.72,-29410.03,-0.33,91403.46,0.000000011524
90000,87638.05,-30676.16,-0.34,92851.80,0.000000011524
90000,87285.87,-30618.50,-0.34,92500.35,0.000000011524
95000,82875.64,-33340.74,-0.38,89330.72,0.000000011678
95000,83697.50,-28821.61,-0.33,88520.95,0.000000011678
95000,83286.47,-35881.29,-0.41,90686.85,0.000000011678
100000,88476.98,-31036.37,-0.34,93762.64,0.000000011782
100000,83330.68,-31493.17,-0.36,89083.24,0.000000011782
100000,83794.72,-31019.41,-0.35,89351.89,0.000000011782
5000,109912.63,-3419.90,-0.03,109965.82,0.000000010351
5000,109911.86,-3920.66,-0.04,109981.78,0.000000010351
5000,109911.86,-3920.66,-0.04,109981.78,0.000000010351
10000,108934.26,-6249.86,-0.06,109113.40,0.000000010363
10000,108570.67,-6387.81,-0.06,108758.42,0.000000010363
10000,108189.08,-6037.33,-0.06,108357.40,0.000000010363
15000,106767.61,-8707.24,-0.08,107122.08,0.000000010398
15000,107878.01,-8982.04,-0.08,108251.28,0.000000010398
15000,106845.80,-8221.35,-0.08,107161.64,0.000000010398
20000,107475.96,-10905.94,-0.10,108027.88,0.000000010449
20000,106637.98,-12100.08,-0.11,107322.28,0.000000010449
20000,106932.04,-10487.76,-0.10,107445.13,0.000000010449
25000,106494.75,-13503.97,-0.13,107347.53,0.000000010462
25000,106057.88,-13816.55,-0.13,106954.07,0.000000010462
25000,106138.83,-13561.37,-0.13,107001.71,0.000000010462
30000,105158.26,-14925.77,-0.14,106212.24,0.000000010495
30000,105273.98,-14900.12,-0.14,106323.21,0.000000010495
30000,105273.98,-14900.12,-0.14,106323.21,0.000000010495
35000,104689.59,-16668.97,-0.16,106008.32,0.000000010534
35000,104292.96,-18966.75,-0.18,106003.57,0.000000010534
35000,103865.28,-16772.70,-0.16,105210.85,0.000000010534
40000,106946.45,-21703.37,-0.20,109126.43,0.000000010589
40000,104228.32,-21548.79,-0.20,106432.58,0.000000010589
40000,105267.03,-17576.83,-0.17,106724.38,0.000000010589
45000,103560.46,-32084.25,-0.30,108416.64,0.000000010658
45000,91960.49,-20102.74,-0.22,94132.09,0.000000010658
45000,96697.05,-11712.09,-0.12,97403.77,0.000000010658
50000,101855.42,-22903.91,-0.22,104398.84,0.000000010732
50000,101309.17,-22502.36,-0.22,103778.15,0.000000010732
50000,101904.28,-22121.72,-0.21,104277.77,0.000000010732
55000,99462.92,-23842.64,-0.24,102280.72,0.000000010797
55000,99912.48,-24257.07,-0.24,102814.93,0.000000010797
55000,99090.94,-24640.92,-0.24,102108.71,0.000000010797
60000,97922.25,-25344.97,-0.25,101149.07,0.000000010882
60000,98144.44,-26239.91,-0.26,101591.67,0.000000010882
60000,99245.14,-25654.74,-0.25,102507.38,0.000000010882
65000,97384.36,-27474.49,-0.27,101185.78,0.000000010975
65000,97868.03,-27184.33,-0.27,101573.32,0.000000010975
65000,97751.14,-27650.39,-0.28,101586.57,0.000000010975
70000,96137.15,-28281.45,-0.29,100210.75,0.000000011067
70000,96761.54,-28805.49,-0.29,100958.17,0.000000011067
70000,94858.44,-28348.98,-0.29,99003.99,0.000000011067
75000,94046.46,-27144.61,-0.28,97885.48,0.000000011158
75000,94732.01,-29776.79,-0.30,99301.62,0.000000011158
75000,98572.65,-31500.23,-0.31,103483.50,0.000000011158
80000,93053.19,-31224.77,-0.32,98152.34,0.000000011285
80000,91878.16,-31481.57,-0.33,97122.01,0.000000011285
80000,92445.06,-31162.76,-0.33,97556.17,0.000000011285
85000,93903.66,-34677.76,-0.35,100102.17,0.000000011406
85000,92873.11,-33482.62,-0.35,98724.37,0.000000011406
85000,95631.64,-25467.97,-0.26,98964.78,0.000000011406
90000,92730.32,-30469.63,-0.32,97607.95,0.000000011524
90000,88967.65,-32364.43,-0.35,94671.53,0.000000011524
90000,90456.03,-34308.22,-0.36,96743.73,0.000000011524
95000,83791.21,-37271.85,-0.42,91706.91,0.000000011678
95000,87506.39,-30311.05,-0.33,92607.39,0.000000011678
95000,91086.92,-39479.70,-0.41,99274.75,0.000000011678
100000,83256.50,-34327.91,-0.39,90055.82,0.000000011782
100000,89033.08,-33885.84,-0.36,95263.53,0.000000011782
100000,85280.29,-36196.03,-0.40,92643.84,0.000000011782
5000,111179.09,-3543.62,-0.03,111235.55,0.000000010351
5000,111435.68,-3800.56,-0.03,111500.48,0.000000010351
5000,112604.84,-4066.43,-0.04,112678.24,0.000000010351
10000,115641.05,-6759.39,-0.06,115838.43,0.000000010363
10000,121694.88,-8334.33,-0.07,121979.93,0.000000010363
10000,123396.75,-7663.74,-0.06,123634.51,0.000000010363
15000,120942.07,-11861.54,-0.10,121522.34,0.000000010398
15000,121143.65,-10155.97,-0.08,121568.63,0.000000010398
15000,122810.39,-11767.47,-0.10,123372.88,0.000000010398
20000,120072.10,-14334.79,-0.12,120924.76,0.000000010449
20000,121940.16,-14316.05,-0.12,122777.66,0.000000010449
20000,120607.15,-13511.44,-0.11,121361.64,0.000000010449
25000,115475.12,-15992.55,-0.14,116577.29,0.000000010462
25000,114875.71,-15790.72,-0.14,115955.92,0.000000010462
25000,111478.96,-15170.72,-0.14,112506.48,0.000000010462
30000,108532.97,-16076.82,-0.15,109717.23,0.000000010495
30000,107892.52,-16081.53,-0.15,109084.42,0.000000010495
30000,109081.99,-16222.04,-0.15,110281.61,0.000000010495
35000,107596.00,-19717.81,-0.18,109387.80,0.000000010534
35000,106498.99,-19961.46,-0.19,108353.56,0.000000010534
35000,108244.65,-17604.51,-0.16,109666.88,0.000000010534
40000,113999.43,-23552.09,-0.20,116406.93,0.000000010589
40000,250833.90,-244755.28,-0.77,350460.84,0.000000010589
40000,212674.82,-254144.09,-0.87,331390.71,0.000000010589
45000,259910.31,-250290.65,-0.77,360830.68,0.000000010658
45000,111921.92,-250544.57,-1.15,274406.84,0.000000010658
45000,233566.23,-294242.43,-0.90,375675.15,0.000000010658
50000,121222.64,-303945.81,-1.19,327227.75,0.000000010732
50000,105688.69,-315134.75,-1.25,332385.34,0.000000010732
50000,101019.35,-324376.34,-1.27,339742.43,0.000000010732
55000,90439.09,-297620.00,-1.28,311057.71,0.000000010797
55000,89005.95,-302831.93,-1.28,315641.00,0.000000010797
55000,90157.62,-301842.62,-1.28,315019.62,0.000000010797
60000,83815.79,-279460.15,-1.28,291758.59,0.000000010882
60000,72824.24,-279224.59,-1.32,288565.00,0.000000010882
60000,78244.33,-281284.90,-1.30,291964.68,0.000000010882
65000,70790.91,-277879.31,-1.32,286754.71,0.000000010975
65000,68039.00,-267492.78,-1.32,276010.31,0.000000010975
65000,61529.38,-262557.09,-1.34,269670.34,0.000000010975
70000,65028.44,-249282.53,-1.32,257624.68,0.000000011067
70000,62606.49,-255539.64,-1.33,263097.09,0.000000011067
70000,64948.30,-248554.46,-1.32,256899.98,0.000000011067
75000,57598.05,-208395.04,-1.30,216208.29,0.000000011158
75000,61737.79,-230464.57,-1.31,238590.60,0.000000011158
75000,64553.15,-228550.09,-1.30,237491.59,0.000000011158
80000,52945.89,-225839.21,-1.34,231962.54,0.000000011285
80000,61395.08,-228767.89,-1.31,236863.04,0.000000011285
80000,64222.61,-243358.46,-1.31,251690.07,0.000000011285
85000,53806.07,-209848.90,-1.32,216637.15,0.000000011406
85000,58001.99,-208830.45,-1.30,216735.76,0.000000011406
85000,53786.47,-199510.28,-1.31,206633.32,0.000000011406
90000,56713.53,-182791.10,-1.27,191387.07,0.000000011524
90000,52162.23,-197380.95,-1.31,204157.15,0.000000011524
90000,48456.05,-198516.15,-1.33,204344.45,0.000000011524
95000,56398.46,-193481.73,-1.29,201534.03,0.000000011678
95000,43817.32,-196195.68,-1.35,201029.10,0.000000011678
95000,40420.19,-186879.84,-1.36,191201.12,0.000000011678
100000,47722.78,-177735.85,-1.31,184031.25,0.000000011782
100000,44652.74,-182702.71,-1.33,188080.18,0.000000011782
100000,51015.60,-184559.45,-1.30,191480.51,0.000000011782
5000,3293514.75,-444381.93,-0.13,3323358.75,0.000000010351
5000,1819778.62,-15862.44,-0.01,1819847.75,0.000000010351
5000,507983.75,-91224.23,-0.18,516109.84,0.000000010351
10000,227107.51,-57844.34,-0.25,234358.25,0.000000010363
10000,237986.03,-55202.28,-0.23,244304.40,0.000000010363
10000,225055.92,-49551.41,-0.22,230446.32,0.000000010363
15000,222352.98,-54698.95,-0.24,228982.15,0.000000010398
15000,220502.34,-53147.20,-0.24,226816.90,0.000000010398
15000,230164.76,-58410.48,-0.25,237460.75,0.000000010398
20000,202409.10,-50799.73,-0.25,208686.51,0.000000010449
20000,181631.65,-43863.40,-0.24,186853.03,0.000000010449
20000,782937.81,-550304.93,-0.61,956988.62,0.000000010449
25000,192469.28,-622220.50,-1.27,651308.50,0.000000010462
25000,183898.76,-627295.00,-1.29,653695.50,0.000000010462
25000,181390.64,-631019.62,-1.29,656573.18,0.000000010462
30000,153703.37,-540005.18,-1.29,561453.75,0.000000010495
30000,148024.59,-536718.68,-1.30,556756.87,0.000000010495
30000,153703.37,-540005.18,-1.29,561453.75,0.000000010495
35000,129649.67,-475107.25,-1.30,492479.40,0.000000010534
35000,130755.51,-472815.06,-1.30,490562.03,0.000000010534
35000,128480.57,-471716.12,-1.30,488900.15,0.000000010534
40000,106391.65,-438155.06,-1.33,450886.96,0.000000010589
40000,108889.42,-416825.59,-1.32,430813.75,0.000000010589
40000,95648.82,-408874.50,-1.34,419913.15,0.000000010589
45000,15066.43,-324054.87,-1.52,324404.93,0.000000010658
45000,232731.03,-429849.03,-1.07,488808.68,0.000000010658
45000,178907.32,-347466.50,-1.10,390820.68,0.000000010658
50000,88414.56,-343086.09,-1.32,354295.37,0.000000010732
50000,80875.63,-345320.40,-1.34,354664.71,0.000000010732
50000,85478.85,-343758.03,-1.33,354226.25,0.000000010732
55000,75059.92,-315468.46,-1.34,324275.12,0.000000010797
55000,80695.59,-316427.34,-1.32,326554.81,0.000000010797
55000,74633.92,-317713.78,-1.34,326362.18,0.000000010797
60000,67425.07,-288099.18,-1.34,295883.90,0.000000010882
60000,71608.53,-295405.28,-1.33,303960.62,0.000000010882
60000,67425.07,-288099.18,-1.34,295883.90,0.000000010882
65000,64531.75,-276945.96,-1.34,284364.93,0.000000010975
65000,63922.69,-263398.28,-1.33,271043.84,0.000000010975
65000,62054.38,-272503.96,-1.35,279480.15,0.000000010975
70000,60172.75,-253434.51,-1.34,260479.96,0.000000011067
70000,63435.39,-256242.87,-1.33,263978.15,0.000000011067
70000,61131.60,-256417.40,-1.34,263603.81,0.000000011067
75000,56550.74,-238669.26,-1.34,245277.40,0.000000011158
75000,60464.99,-233993.53,-1.32,241679.53,0.000000011158
75000,61563.16,-239903.23,-1.32,247676.35,0.000000011158
80000,54162.83,-220660.46,-1.33,227210.59,0.000000011285
80000,53437.21,-222649.06,-1.34,228971.92,0.000000011285
80000,54269.54,-226157.53,-1.34,232577.75,0.000000011285
85000,49984.65,-215722.39,-1.34,221437.62,0.000000011406
85000,48097.26,-209487.25,-1.35,214937.79,0.000000011406
85000,58202.56,-209328.73,-1.30,217269.54,0.000000011406
90000,50765.83,-200160.84,-1.32,206498.28,0.000000011524
90000,49154.57,-201402.48,-1.33,207314.09,0.000000011524
90000,49669.96,-200108.03,-1.33,206180.34,0.000000011524
95000,39422.43,-192131.67,-1.37,196134.42,0.000000011678
95000,50661.79,-196943.98,-1.32,203355.71,0.000000011678
95000,46187.15,-186884.17,-1.33,192507.01,0.000000011678
100000,43014.08,-183224.14,-1.34,188205.46,0.000000011782
100000,50166.95,-180484.46,-1.30,187326.90,0.000000011782
100000,50663.73,-184810.64,-1.30,191629.29,0.000000011782
...............DONE SWEEPING...............
...............DONE READING ROUND...............
