4723.7
4723.4
4723.14
4723.42
4722.79
4722.41
4723.31
4723.06
4722.99
4723.13
4723.25
4722.85
4723.24
4723.37
4722.41
4723.13
4723.25
4722.85
4723.37
4723.17
4723.17
4723.12
4722.6
4723.18
4723.12
4722.59
4723.5
4722.92
4722.98
4722.97
4723.12
4723.11
4723.3
4723.49
4722.72
4723.31
4723.36
4722.78
4723.43
4723.69
4723.11
4723.62
4723.28
4723.87
4724.12
4724.03
4726.35
4733.11
4734.88
4735.72
4738.02
4736.72
4738.5
4741.92
4748.67
4761.04
4788.67
4815.3
4856.41
4907.17
4956.33
4997.06
5005.77
5013.72
5047.9
5109.25
5166.2
5251.22
5411.39
5709.63
6203.64
7867.34
10416.07
11909.84
12935.45
14110.97
14717.91
15110.89
15419.37
15611.35
15673.61
16036.09
14618.97
13652.16
13361.5
12127.34
10767.06
11553.96
11850.45
12205.77
12430.63
13170.65
13623.7
12710.38
12486.18
13320.12
14099.54
14306.84
14670.2
14539.99
15072.49
15239.13
15289.42
15077.01
14715.97
15536.87
15730.17
14898.49
14823.79
15265.47
15922.11
15556.4
15617.49
16058.36
16329.01
16585.6
16799.69
16983.76
17251.76
17303.82
17470.78
17583.37
17613.82
17736.2
17819.89
14084.89
12324.14
11514.2
11332.75
11207.75
11182.23
11379.91
11815.71
12031.05
12053.79
12061.46
11965.95
11813.97
11579.51
11139.9
10607.92
10076.99
9578.84
8794.47
8052.4
7635.89
7514.2
7332.91
7103.54
6994.16
6852.41
6760.64
6672.75
6549.84
6404.88
6461.39
6420.88
6372.47
6292.65
6237.54
6255.48
6204.29
6118.58
6116.31
6015.63
5943.12
5949.6
5868.47
5848.97
5824.66
5774.92
5708.02
5722.13
5684.09
5684.38
5670.31
5632.62
5633.35
5639.2
5608.4
5608.84
5587.77
5582.65
5569.75
5582.34
5576.06
5544.16
5549.1
5531.44
5497.44
5551.85
5533.33
5530.7
5545.03
5525.83
5550.71
5532.48
5522.97
5549.4
5508.2
5506.77
5503.9
5496.91
5490.21
5496.09
5495.51
5487.13
5477.76
5484.12
5482.42
5461.96
5464.49
5463.37
5448.8
5442.33
5431.22
5450.01
5434.66
5431.7
5443.54
5433.75
5415.19
5415.42
5415.8
5351.5
5335.49
5328.03
5325.97
5328.67
5321.33
5316.59
5323.08
5319.44
5322.83
5330.53
5335.73
5328
5336.8
5337.69
5341.02
5359.87
5349.31
5299.91
5308.24