329331.53
416850.96
421321.59
230555.92
193566.01
208207.79
221746.03
229466.21
135825.03
138637.6
135451.65
132744.67
142012.54
133069.57
171699.51
129711.35
130804.72
121485.08
118531.79
117990.86
116849.74
115614.76
115970.25
115777.91
115546.15
116273.57
118755.53
121664.38
121076.99
121486.15
120860.5
115785.28
118736.96
113309.98
114210.99
112970.86
114748.6
111132.07
110371.69
108420.84
109453.64
108694.42
111237.76
110427.54
112484.52
115554.93
116988.63
117428.76
114256.13
115572.67
117133.97
115693.82
114732.09
116863.42
105182.53
101084.54
107922.82
158728.98
100834.17
272115.75
116847.78
126174.71
139157.57
144841.6
152350.14
150998.5
149239.39
145644.98
145827.12
146394.32
146662.31
144053.34
143616.18
145299.64
144451.5
145537.71
146228.12
144588.14
146639.67
145300.51
144705.1
143785.1
142314.87
143298.54
142781.95
142819.57
141733.14
143437.29
142900.68
143402.35
141836.54
141590.15
142604.9
141676.7
143263.23
142549.57
142188.2
141395.53
