1432891.75
423210.37
1481225.5
1457184.12
1496390.5
1462231.25
1444858
1467394.25
1465967.5
1450995.25
1490152.87
1483913
1485066
1488695.12
1485066
1468509.25
1468509.25
1456005.62
1485066
1443069.12
1439882
1493162.25
1468509.25
1459046.5
1457987.25
1584689.75
1448159.12
1679008.12
1717422.75
1703763.37
1715640
1789109.75
1449210.75
1500582.62
1446646.75
1456005.62
1486301.87
1474840.62
1454836.87
1437393.5
1449831.87
1446177.12
1473484.12
1442536.5
1461012.87
1665050
1472718.75
1477264.5
1473753.75
1441519.5
1950913.25
1975365.62
1449210.75
1906040.37
1535768.25
1491269.12
1441519.5
1434453
1478645.87
1497193.25
1480254
1695329.25
1732510.25
1776162.5
1757962
1483370
1722226.87
1379713.5
1385048.62
2105146.75
1385213.62
1386606.25
1382739.5
1372727.5
1409731.62
1216595
369420.68
158410.03
495658.4
199728.32
145644.04
142294
142958.56
1401793.25
143391.34
146043.89
142864.67
141682.12
142476.92
139939.85
141206.84
135345.5
139983.82
136574.64
137509.25
138455.18
143786.37
141555.03
141859.26
142862.34
141903.68
141001.56
140083.39
156546.95
142526.82
153425.78
150184.54
156814.9
1380996.12
1351271.87
2295028.5
1375557.62
778208.68
145798.65
179045.76
176654.29
251992.04
216473.68
225708.93
215624.65
207863.06
207458.68
210250.12
247986.15
1533045.25
1607069.5
1618583.25
1638283.62
1646276.5
1626404.5
1593685
1554277.87
1534389
1537691
1500859.87
1122995.12
247735.56
254528.81
1672996.75
1737686.62
1745981.25
1820969.5
1686455.12
1738187
1693129.87
1753725.75
1726090.25
1676861.25
1682883.25
1682883.25
1731980.25
1754814.87
1686455.12
1745804.25
1715640
1686987.25
1722226.87
1761428.87
1723746.37
1750827.37
1703379.75
1717434.12
